3.565e+02
3.568e+02
3.570e+02
3.573e+02
3.575e+02
3.578e+02
3.580e+02
3.582e+02
3.585e+02
3.587e+02
3.590e+02
3.592e+02
3.595e+02
3.597e+02
3.600e+02
3.602e+02
3.605e+02
3.607e+02
3.610e+02
3.612e+02
3.615e+02
3.617e+02
3.619e+02
3.622e+02
3.624e+02
3.627e+02
3.629e+02
3.632e+02
3.634e+02
3.637e+02
3.639e+02
3.642e+02
3.644e+02
3.647e+02
3.649e+02
3.652e+02
3.654e+02
3.657e+02
3.659e+02
3.661e+02
3.664e+02
3.666e+02
3.669e+02
3.671e+02
3.674e+02
3.676e+02
3.679e+02
3.681e+02
3.684e+02
3.686e+02
3.689e+02
3.691e+02
3.694e+02
3.696e+02
3.698e+02
3.701e+02
3.703e+02
3.706e+02
3.708e+02
3.711e+02
3.713e+02
3.716e+02
3.718e+02
3.721e+02
3.723e+02
3.726e+02
3.728e+02
3.731e+02
3.733e+02
3.736e+02
3.738e+02
3.740e+02
3.743e+02
3.745e+02
3.748e+02
3.750e+02
3.753e+02
3.755e+02
3.758e+02
3.760e+02
3.763e+02
3.765e+02
3.768e+02
3.770e+02
3.773e+02
3.775e+02
3.778e+02
3.780e+02
3.782e+02
3.785e+02
3.787e+02
3.790e+02
3.792e+02
3.795e+02
3.797e+02
3.800e+02
3.802e+02
3.805e+02
3.807e+02
3.810e+02
3.812e+02
3.815e+02
3.817e+02
3.820e+02
3.822e+02
3.824e+02
3.827e+02
3.829e+02
3.832e+02
3.834e+02
3.837e+02
3.839e+02
3.842e+02
3.844e+02
3.847e+02
3.849e+02
3.852e+02
3.854e+02
3.857e+02
3.859e+02
3.862e+02
3.864e+02
3.866e+02
3.869e+02
3.871e+02
3.874e+02
3.876e+02
3.879e+02
3.881e+02
3.884e+02
3.886e+02
3.889e+02
3.891e+02
3.894e+02
3.896e+02
3.899e+02
3.901e+02
3.904e+02
3.906e+02
3.909e+02
3.911e+02
3.913e+02
3.916e+02
3.918e+02
3.921e+02
3.923e+02
3.926e+02
3.928e+02
3.931e+02
3.933e+02
3.936e+02
3.938e+02
3.941e+02
3.943e+02
3.946e+02
3.948e+02
3.951e+02
3.953e+02
3.955e+02
3.958e+02
3.960e+02
3.963e+02
3.965e+02
3.968e+02
3.970e+02
3.973e+02
3.975e+02
3.978e+02
3.980e+02
3.983e+02
3.985e+02
3.988e+02
3.990e+02
3.993e+02
3.995e+02
3.998e+02
4.000e+02
4.002e+02
4.005e+02
4.007e+02
4.010e+02
4.012e+02
4.015e+02
4.017e+02
4.020e+02
4.022e+02
4.025e+02
4.027e+02
4.030e+02
4.032e+02
4.035e+02
4.037e+02
4.040e+02
4.042e+02
4.044e+02
4.047e+02
4.049e+02
4.052e+02
4.054e+02
4.057e+02
4.059e+02
4.062e+02
4.064e+02
4.067e+02
4.069e+02
4.072e+02
4.074e+02
4.077e+02
4.079e+02
4.082e+02
4.084e+02
4.087e+02
4.089e+02
4.091e+02
4.094e+02
4.096e+02
4.099e+02
4.101e+02
4.104e+02
4.106e+02
4.109e+02
4.111e+02
4.114e+02
4.116e+02
4.119e+02
4.121e+02
4.124e+02
4.126e+02
4.129e+02
4.131e+02
4.134e+02
4.136e+02
4.138e+02
4.141e+02
4.143e+02
4.146e+02
4.148e+02
4.151e+02
4.153e+02
4.156e+02
4.158e+02
4.161e+02
4.163e+02
4.166e+02
4.168e+02
4.171e+02
4.173e+02
4.176e+02
4.178e+02
4.180e+02
4.183e+02
4.185e+02
4.188e+02
4.190e+02
4.193e+02
4.195e+02
4.198e+02
4.200e+02
4.203e+02
4.205e+02
4.208e+02
4.210e+02
4.213e+02
4.215e+02
4.218e+02
4.220e+02
4.223e+02
4.225e+02
4.227e+02
4.230e+02
4.232e+02
4.235e+02
4.237e+02
4.240e+02
4.242e+02
4.245e+02
4.247e+02
4.250e+02
4.252e+02
4.255e+02
4.257e+02
4.260e+02
4.262e+02
4.265e+02
4.267e+02
4.270e+02
4.272e+02
4.274e+02
4.277e+02
4.279e+02
4.282e+02
4.284e+02
4.287e+02
4.289e+02
4.292e+02
4.294e+02
4.297e+02
4.299e+02
4.302e+02
4.304e+02
4.307e+02
4.309e+02
4.312e+02
4.314e+02
4.316e+02
4.319e+02
4.321e+02
4.324e+02
4.326e+02
4.329e+02
4.331e+02
4.334e+02
4.336e+02
4.339e+02
4.341e+02
4.344e+02
4.346e+02
4.349e+02
4.351e+02
4.354e+02
4.356e+02
4.359e+02
4.361e+02
4.363e+02
4.366e+02
4.368e+02
4.371e+02
4.373e+02
4.376e+02
4.378e+02
4.381e+02
4.383e+02
4.386e+02
4.388e+02
4.391e+02
4.393e+02
4.396e+02
4.398e+02
4.401e+02
4.403e+02
4.405e+02
4.408e+02
4.410e+02
4.413e+02
4.415e+02
4.418e+02
4.420e+02
4.423e+02
4.425e+02
4.428e+02
4.430e+02
4.433e+02
4.435e+02
4.438e+02
4.440e+02
4.443e+02
4.445e+02
4.447e+02
4.450e+02
4.452e+02
4.455e+02
4.457e+02
4.460e+02
4.462e+02
4.465e+02
4.467e+02
4.470e+02
4.472e+02
4.475e+02
4.477e+02
4.480e+02
4.482e+02
4.485e+02
4.487e+02
4.489e+02
4.492e+02
4.494e+02
4.497e+02
4.499e+02
4.502e+02
4.504e+02
4.507e+02
4.509e+02
4.512e+02
4.514e+02
4.517e+02
4.519e+02
4.522e+02
4.524e+02
4.527e+02
4.529e+02
4.531e+02
4.534e+02
4.536e+02
4.539e+02
4.541e+02
4.544e+02
4.546e+02
4.549e+02
4.551e+02
4.554e+02
4.556e+02
4.559e+02
4.561e+02
4.564e+02
4.566e+02
4.569e+02
4.571e+02
4.573e+02
4.576e+02
4.578e+02
4.581e+02
4.583e+02
4.586e+02
4.588e+02
4.591e+02
4.593e+02
4.596e+02
4.598e+02
4.601e+02
4.603e+02
4.606e+02
4.608e+02
4.611e+02
4.613e+02
4.615e+02
4.618e+02
4.620e+02
4.623e+02
4.625e+02
4.628e+02
4.630e+02
4.633e+02
4.635e+02
4.638e+02
4.640e+02
4.643e+02
4.645e+02
4.648e+02
4.650e+02
4.652e+02
4.655e+02
4.657e+02
4.660e+02
4.662e+02
4.665e+02
4.667e+02
4.670e+02
4.672e+02
4.675e+02
4.677e+02
4.680e+02
4.682e+02
4.685e+02
4.687e+02
4.690e+02
4.692e+02
4.694e+02
4.697e+02
4.699e+02
4.702e+02
4.704e+02
4.707e+02
4.709e+02
4.712e+02
4.714e+02
4.717e+02
4.719e+02
4.722e+02
4.724e+02
4.727e+02
4.729e+02
4.731e+02
4.734e+02
4.736e+02
4.739e+02
4.741e+02
4.744e+02
4.746e+02
4.749e+02
4.751e+02
4.754e+02
4.756e+02
4.759e+02
4.761e+02
4.764e+02
4.766e+02
4.768e+02
4.771e+02
4.773e+02
4.776e+02
4.778e+02
4.781e+02
4.783e+02
4.786e+02
4.788e+02
4.791e+02
4.793e+02
4.796e+02
4.798e+02
4.801e+02
4.803e+02
4.805e+02
4.808e+02
4.810e+02
4.813e+02
4.815e+02
4.818e+02
4.820e+02
4.823e+02
4.825e+02
4.828e+02
4.830e+02
4.833e+02
4.835e+02
4.837e+02
4.840e+02
4.842e+02
4.845e+02
4.847e+02
4.850e+02
4.852e+02
4.855e+02
4.857e+02
4.860e+02
4.862e+02
4.865e+02
4.867e+02
4.870e+02
4.872e+02
4.874e+02
4.877e+02
4.879e+02
4.882e+02
4.884e+02
4.887e+02
4.889e+02
4.892e+02
4.894e+02
4.897e+02
4.899e+02
4.902e+02
4.904e+02
4.906e+02
4.909e+02
4.911e+02
4.914e+02
4.916e+02
4.919e+02
4.921e+02
4.924e+02
4.926e+02
4.929e+02
4.931e+02
4.934e+02
4.936e+02
4.938e+02
4.941e+02
4.943e+02
4.946e+02
4.948e+02
4.951e+02
4.953e+02
4.956e+02
4.958e+02
4.961e+02
4.963e+02
4.966e+02
4.968e+02
4.970e+02
4.973e+02
4.975e+02
4.978e+02
4.980e+02
4.983e+02
4.985e+02
4.988e+02
4.990e+02
4.993e+02
4.995e+02
4.998e+02
5.000e+02
5.002e+02
5.005e+02
5.007e+02
5.010e+02
5.012e+02
5.015e+02
5.017e+02
5.020e+02
5.022e+02
5.025e+02
5.027e+02
5.029e+02
5.032e+02
5.034e+02
5.037e+02
5.039e+02
5.042e+02
5.044e+02
5.047e+02
5.049e+02
5.052e+02
5.054e+02
5.057e+02
5.059e+02
5.061e+02
5.064e+02
5.066e+02
5.069e+02
5.071e+02
5.074e+02
5.076e+02
5.079e+02
5.081e+02
5.084e+02
5.086e+02
5.088e+02
5.091e+02
5.093e+02
5.096e+02
5.098e+02
5.101e+02
5.103e+02
5.106e+02
5.108e+02
5.111e+02
5.113e+02
5.115e+02
5.118e+02
5.120e+02
5.123e+02
5.125e+02
5.128e+02
5.130e+02
5.133e+02
5.135e+02
5.138e+02
5.140e+02
5.142e+02
5.145e+02
5.147e+02
5.150e+02
5.152e+02
5.155e+02
5.157e+02
5.160e+02
5.162e+02
5.165e+02
5.167e+02
5.169e+02
5.172e+02
5.174e+02
5.177e+02
5.179e+02
5.182e+02
5.184e+02
5.187e+02
5.189e+02
5.192e+02
5.194e+02
5.196e+02
5.199e+02
5.201e+02
5.204e+02
5.206e+02
5.209e+02
5.211e+02
5.214e+02
5.216e+02
5.219e+02
5.221e+02
5.223e+02
5.226e+02
5.228e+02
5.231e+02
5.233e+02
5.236e+02
5.238e+02
5.241e+02
5.243e+02
5.246e+02
5.248e+02
5.250e+02
5.253e+02
5.255e+02
5.258e+02
5.260e+02
5.263e+02
5.265e+02
5.268e+02
5.270e+02
5.272e+02
5.275e+02
5.277e+02
5.280e+02
5.282e+02
5.285e+02
5.287e+02
5.290e+02
5.292e+02
5.295e+02
5.297e+02
5.299e+02
5.302e+02
5.304e+02
5.307e+02
5.309e+02
5.312e+02
5.314e+02
5.317e+02
5.319e+02
5.321e+02
5.324e+02
5.326e+02
5.329e+02
5.331e+02
5.334e+02
5.336e+02
5.339e+02
5.341e+02
5.343e+02
5.346e+02
5.348e+02
5.351e+02
5.353e+02
5.356e+02
5.358e+02
5.361e+02
5.363e+02
5.365e+02
5.368e+02
5.370e+02
5.373e+02
5.375e+02
5.378e+02
5.380e+02
5.383e+02
5.385e+02
5.387e+02
5.390e+02
5.392e+02
5.395e+02
5.397e+02
5.400e+02
5.402e+02
5.405e+02
5.407e+02
5.409e+02
5.412e+02
5.414e+02
5.417e+02
5.419e+02
5.422e+02
5.424e+02
5.427e+02
5.429e+02
5.431e+02
5.434e+02
5.436e+02
5.439e+02
5.441e+02
5.444e+02
5.446e+02
5.449e+02
5.451e+02
5.453e+02
5.456e+02
5.458e+02
5.461e+02
5.463e+02
5.466e+02
5.468e+02
5.470e+02
5.473e+02
5.475e+02
5.478e+02
5.480e+02
5.483e+02
5.485e+02
5.488e+02
5.490e+02
5.492e+02
5.495e+02
5.497e+02
5.500e+02
5.502e+02
5.505e+02
5.507e+02
5.510e+02
5.512e+02
5.514e+02
5.517e+02
5.519e+02
5.522e+02
5.524e+02
5.527e+02
5.529e+02
5.531e+02
5.534e+02
5.536e+02
5.539e+02
5.541e+02
5.544e+02
5.546e+02
5.549e+02
5.551e+02
5.553e+02
5.556e+02
5.558e+02
5.561e+02
5.563e+02
5.566e+02
5.568e+02
5.570e+02
5.573e+02
5.575e+02
5.578e+02
5.580e+02
5.583e+02
5.585e+02
5.587e+02
5.590e+02
5.592e+02
5.595e+02
5.597e+02
5.600e+02
5.602e+02
5.605e+02
5.607e+02
5.609e+02
5.612e+02
5.614e+02
5.617e+02
5.619e+02
5.622e+02
5.624e+02
5.626e+02
5.629e+02
5.631e+02
5.634e+02
5.636e+02
5.639e+02
5.641e+02
5.643e+02
5.646e+02
5.648e+02
5.651e+02
5.653e+02
5.656e+02
5.658e+02
5.660e+02
5.663e+02
5.665e+02
5.668e+02
5.670e+02
5.673e+02
5.675e+02
5.677e+02
5.680e+02
5.682e+02
5.685e+02
5.687e+02
5.690e+02
5.692e+02
5.694e+02
5.697e+02
5.699e+02
5.702e+02
5.704e+02
5.707e+02
5.709e+02
5.711e+02
5.714e+02
5.716e+02
5.719e+02
5.721e+02
5.724e+02
5.726e+02
5.728e+02
5.731e+02
5.733e+02
5.736e+02
5.738e+02
5.741e+02
5.743e+02
5.745e+02
5.748e+02
5.750e+02
5.753e+02
5.755e+02
5.757e+02
5.760e+02
5.762e+02
5.765e+02
5.767e+02
5.770e+02
5.772e+02
5.774e+02
5.777e+02
5.779e+02
5.782e+02
5.784e+02
5.787e+02
5.789e+02
5.791e+02
5.794e+02
5.796e+02
5.799e+02
5.801e+02
5.803e+02
5.806e+02
5.808e+02
5.811e+02
5.813e+02
5.816e+02
5.818e+02
5.820e+02
5.823e+02
5.825e+02
5.828e+02
5.830e+02
5.833e+02
5.835e+02
5.837e+02
5.840e+02
5.842e+02
5.845e+02
5.847e+02
5.849e+02
5.852e+02
5.854e+02
5.857e+02
5.859e+02
5.862e+02
5.864e+02
5.866e+02
5.869e+02
5.871e+02
5.874e+02
5.876e+02
5.878e+02
5.881e+02
5.883e+02
5.886e+02
5.888e+02
5.890e+02
5.893e+02
5.895e+02
5.898e+02
5.900e+02
5.903e+02
5.905e+02
5.907e+02
5.910e+02
5.912e+02
5.915e+02
5.917e+02
5.919e+02
5.922e+02
5.924e+02
5.927e+02
5.929e+02
5.932e+02
5.934e+02
5.936e+02
5.939e+02
5.941e+02
5.944e+02
5.946e+02
5.948e+02
5.951e+02
5.953e+02
5.956e+02
5.958e+02
5.960e+02
5.963e+02
5.965e+02
5.968e+02
5.970e+02
5.972e+02
5.975e+02
5.977e+02
5.980e+02
5.982e+02
5.985e+02
5.987e+02
5.989e+02
5.992e+02
5.994e+02
5.997e+02
5.999e+02
6.001e+02
6.004e+02
6.006e+02
6.009e+02
6.011e+02
6.013e+02
6.016e+02
6.018e+02
6.021e+02
6.023e+02
6.025e+02
6.028e+02
6.030e+02
6.033e+02
6.035e+02
6.037e+02
6.040e+02
6.042e+02
6.045e+02
6.047e+02
6.049e+02
6.052e+02
6.054e+02
6.057e+02
6.059e+02
6.061e+02
6.064e+02
6.066e+02
6.069e+02
6.071e+02
6.073e+02
6.076e+02
6.078e+02
6.081e+02
6.083e+02
6.085e+02
6.088e+02
6.090e+02
6.093e+02
6.095e+02
6.097e+02
6.100e+02
6.102e+02
6.105e+02
6.107e+02
6.109e+02
6.112e+02
6.114e+02
6.117e+02
6.119e+02
6.121e+02
6.124e+02
6.126e+02
6.129e+02
6.131e+02
6.133e+02
6.136e+02
6.138e+02
6.141e+02
6.143e+02
6.145e+02
6.148e+02
6.150e+02
6.153e+02
6.155e+02
6.157e+02
6.160e+02
6.162e+02
6.165e+02
6.167e+02
6.169e+02
6.172e+02
6.174e+02
6.176e+02
6.179e+02
6.181e+02
6.184e+02
6.186e+02
6.188e+02
6.191e+02
6.193e+02
6.196e+02
6.198e+02
6.200e+02
6.203e+02
6.205e+02
6.208e+02
6.210e+02
6.212e+02
6.215e+02
6.217e+02
6.219e+02
6.222e+02
6.224e+02
6.227e+02
6.229e+02
6.231e+02
6.234e+02
6.236e+02
6.239e+02
6.241e+02
6.243e+02
6.246e+02
6.248e+02
6.250e+02
6.253e+02
6.255e+02
6.258e+02
6.260e+02
6.262e+02
6.265e+02
6.267e+02
6.270e+02
6.272e+02
6.274e+02
6.277e+02
6.279e+02
6.281e+02
6.284e+02
6.286e+02
6.289e+02
6.291e+02
6.293e+02
6.296e+02
6.298e+02
6.301e+02
6.303e+02
6.305e+02
6.308e+02
6.310e+02
6.312e+02
6.315e+02
6.317e+02
6.320e+02
6.322e+02
6.324e+02
6.327e+02
6.329e+02
6.331e+02
6.334e+02
6.336e+02
6.339e+02
6.341e+02
6.343e+02
6.346e+02
6.348e+02
6.350e+02
6.353e+02
6.355e+02
6.358e+02
6.360e+02
6.362e+02
6.365e+02
6.367e+02
6.369e+02
6.372e+02
6.374e+02
6.377e+02
6.379e+02
6.381e+02
6.384e+02
6.386e+02
6.388e+02
6.391e+02
6.393e+02
6.396e+02
6.398e+02
6.400e+02
6.403e+02
6.405e+02
6.407e+02
6.410e+02
6.412e+02
6.415e+02
6.417e+02
6.419e+02
6.422e+02
6.424e+02
6.426e+02
6.429e+02
6.431e+02
6.433e+02
6.436e+02
6.438e+02
6.441e+02
6.443e+02
6.445e+02
6.448e+02
6.450e+02
6.452e+02
6.455e+02
6.457e+02
6.459e+02
6.462e+02
6.464e+02
6.467e+02
6.469e+02
6.471e+02
6.474e+02
6.476e+02
6.478e+02
6.481e+02
6.483e+02
6.485e+02
6.488e+02
6.490e+02
6.493e+02
6.495e+02
6.497e+02
6.500e+02
6.502e+02
6.504e+02
6.507e+02
6.509e+02
6.511e+02
6.514e+02
6.516e+02
6.519e+02
6.521e+02
6.523e+02
6.526e+02
6.528e+02
6.530e+02
6.533e+02
6.535e+02
6.537e+02
6.540e+02
6.542e+02
6.544e+02
6.547e+02
6.549e+02
6.551e+02
6.554e+02
6.556e+02
6.559e+02
6.561e+02
6.563e+02
6.566e+02
6.568e+02
6.570e+02
6.573e+02
6.575e+02
6.577e+02
6.580e+02
6.582e+02
6.584e+02
6.587e+02
6.589e+02
6.591e+02
6.594e+02
6.596e+02
6.599e+02
6.601e+02
6.603e+02
6.606e+02
6.608e+02
6.610e+02
6.613e+02
6.615e+02
6.617e+02
6.620e+02
6.622e+02
6.624e+02
6.627e+02
6.629e+02
6.631e+02
6.634e+02
6.636e+02
6.638e+02
6.641e+02
6.643e+02
6.645e+02
6.648e+02
6.650e+02
6.653e+02
6.655e+02
6.657e+02
6.660e+02
6.662e+02
6.664e+02
6.667e+02
6.669e+02
6.671e+02
6.674e+02
6.676e+02
6.678e+02
6.681e+02
6.683e+02
6.685e+02
6.688e+02
6.690e+02
6.692e+02
6.695e+02
6.697e+02
6.699e+02
6.702e+02
6.704e+02
6.706e+02
6.709e+02
6.711e+02
6.713e+02
6.716e+02
6.718e+02
6.720e+02
6.723e+02
6.725e+02
6.727e+02
6.730e+02
6.732e+02
6.734e+02
6.737e+02
6.739e+02
6.741e+02
6.744e+02
6.746e+02
6.748e+02
6.751e+02
6.753e+02
6.755e+02
6.758e+02
6.760e+02
6.762e+02
6.765e+02
6.767e+02
6.769e+02
6.772e+02
6.774e+02
6.776e+02
6.779e+02
6.781e+02
6.783e+02
6.786e+02
6.788e+02
6.790e+02
6.793e+02
6.795e+02
6.797e+02
6.800e+02
6.802e+02
6.804e+02
6.807e+02
6.809e+02
6.811e+02
6.814e+02
6.816e+02
6.818e+02
6.821e+02
6.823e+02
6.825e+02
6.827e+02
6.830e+02
6.832e+02
6.834e+02
6.837e+02
6.839e+02
6.841e+02
6.844e+02
6.846e+02
6.848e+02
6.851e+02
6.853e+02
6.855e+02
6.858e+02
6.860e+02
6.862e+02
6.865e+02
6.867e+02
6.869e+02
6.872e+02
6.874e+02
6.876e+02
6.879e+02
6.881e+02
6.883e+02
6.885e+02
6.888e+02
6.890e+02
6.892e+02
6.895e+02
6.897e+02
6.899e+02
6.902e+02
6.904e+02
6.906e+02
6.909e+02
6.911e+02
6.913e+02
6.916e+02
6.918e+02
6.920e+02
6.922e+02
6.925e+02
6.927e+02
6.929e+02
6.932e+02
6.934e+02
6.936e+02
6.939e+02
6.941e+02
6.943e+02
6.946e+02
6.948e+02
6.950e+02
6.952e+02
6.955e+02
6.957e+02
6.959e+02
6.962e+02
6.964e+02
6.966e+02
6.969e+02
6.971e+02
6.973e+02
6.975e+02
6.978e+02
6.980e+02
6.982e+02
6.985e+02
6.987e+02
6.989e+02
6.992e+02
6.994e+02
6.996e+02
6.999e+02
7.001e+02
7.003e+02
7.005e+02
7.008e+02
7.010e+02
7.012e+02
7.015e+02
7.017e+02
7.019e+02
7.021e+02
7.024e+02
7.026e+02
7.028e+02
7.031e+02
7.033e+02
7.035e+02
7.038e+02
7.040e+02
7.042e+02
7.044e+02
7.047e+02
7.049e+02
7.051e+02
7.054e+02
7.056e+02
7.058e+02
7.060e+02
7.063e+02
7.065e+02
7.067e+02
7.070e+02
7.072e+02
7.074e+02
7.076e+02
7.079e+02
7.081e+02
7.083e+02
7.086e+02
7.088e+02
7.090e+02
7.093e+02
7.095e+02
7.097e+02
7.099e+02
7.102e+02
7.104e+02
7.106e+02
7.109e+02
7.111e+02
7.113e+02
7.115e+02
7.118e+02
7.120e+02
7.122e+02
7.124e+02
7.127e+02
7.129e+02
7.131e+02
7.134e+02
7.136e+02
7.138e+02
7.140e+02
7.143e+02
7.145e+02
7.147e+02
7.150e+02
7.152e+02
7.154e+02
7.156e+02
7.159e+02
7.161e+02
7.163e+02
7.165e+02
7.168e+02
7.170e+02
7.172e+02
7.175e+02
7.177e+02
7.179e+02
7.181e+02
7.184e+02
7.186e+02
7.188e+02
7.190e+02
7.193e+02
7.195e+02
7.197e+02
7.200e+02
7.202e+02
7.204e+02
7.206e+02
7.209e+02
7.211e+02
7.213e+02
7.215e+02
7.218e+02
7.220e+02
7.222e+02
7.225e+02
7.227e+02
7.229e+02
7.231e+02
7.234e+02
7.236e+02
7.238e+02
7.240e+02
7.243e+02
7.245e+02
7.247e+02
7.249e+02
7.252e+02
7.254e+02
7.256e+02
7.258e+02
7.261e+02
7.263e+02
7.265e+02
7.268e+02
7.270e+02
7.272e+02
7.274e+02
7.277e+02
7.279e+02
7.281e+02
7.283e+02
7.286e+02
7.288e+02
7.290e+02
7.292e+02
7.295e+02
7.297e+02
7.299e+02
7.301e+02
7.304e+02
7.306e+02
7.308e+02
7.310e+02
7.313e+02
7.315e+02
7.317e+02
7.319e+02
7.322e+02
7.324e+02
7.326e+02
7.328e+02
7.331e+02
7.333e+02
7.335e+02
7.337e+02
7.340e+02
7.342e+02
7.344e+02
7.346e+02
7.349e+02
7.351e+02
7.353e+02
7.355e+02
7.358e+02
7.360e+02
7.362e+02
7.364e+02
7.367e+02
7.369e+02
7.371e+02
7.373e+02
7.376e+02
7.378e+02
7.380e+02
7.382e+02
7.385e+02
7.387e+02
7.389e+02
7.391e+02
7.394e+02
7.396e+02
7.398e+02
7.400e+02
7.402e+02
7.405e+02
7.407e+02
7.409e+02
7.411e+02
7.414e+02
7.416e+02
7.418e+02
7.420e+02
7.423e+02
7.425e+02
7.427e+02
7.429e+02
7.432e+02
7.434e+02
7.436e+02
7.438e+02
7.440e+02
7.443e+02
7.445e+02
7.447e+02
7.449e+02
7.452e+02
7.454e+02
7.456e+02
7.458e+02
7.461e+02
7.463e+02
7.465e+02
7.467e+02
7.469e+02
7.472e+02
7.474e+02
7.476e+02
7.478e+02
7.481e+02
7.483e+02
7.485e+02
7.487e+02
7.489e+02
7.492e+02
7.494e+02
7.496e+02
7.498e+02
7.501e+02
7.503e+02
7.505e+02
7.507e+02
7.509e+02
7.512e+02
7.514e+02
7.516e+02
7.518e+02
7.521e+02
7.523e+02
7.525e+02
7.527e+02
7.529e+02
7.532e+02
7.534e+02
7.536e+02
7.538e+02
7.540e+02
7.543e+02
7.545e+02
7.547e+02
7.549e+02
7.552e+02
7.554e+02
7.556e+02
7.558e+02
7.560e+02
7.563e+02
7.565e+02
7.567e+02
7.569e+02
7.571e+02
7.574e+02
7.576e+02
7.578e+02
7.580e+02
7.582e+02
7.585e+02
7.587e+02
7.589e+02
7.591e+02
7.593e+02
7.596e+02
7.598e+02
7.600e+02
7.602e+02
7.604e+02
7.607e+02
7.609e+02
7.611e+02
7.613e+02
7.615e+02
7.618e+02
7.620e+02
7.622e+02
7.624e+02
7.626e+02
7.629e+02
7.631e+02
7.633e+02
7.635e+02
7.637e+02
7.640e+02
7.642e+02
7.644e+02
7.646e+02
7.648e+02
7.651e+02
7.653e+02
7.655e+02
7.657e+02
7.659e+02
7.662e+02
7.664e+02
7.666e+02
7.668e+02
7.670e+02
7.673e+02
7.675e+02
7.677e+02
7.679e+02
7.681e+02
7.683e+02
7.686e+02
7.688e+02
7.690e+02
7.692e+02
7.694e+02
7.697e+02
7.699e+02
7.701e+02
7.703e+02
7.705e+02
7.707e+02
7.710e+02
7.712e+02
7.714e+02
7.716e+02
7.718e+02
7.721e+02
7.723e+02
7.725e+02
7.727e+02
7.729e+02
7.731e+02
7.734e+02
7.736e+02
7.738e+02
7.740e+02
7.742e+02
7.745e+02
7.747e+02
7.749e+02
7.751e+02
7.753e+02
7.755e+02
7.758e+02
7.760e+02
7.762e+02
7.764e+02
7.766e+02
7.768e+02
7.771e+02
7.773e+02
7.775e+02
7.777e+02
7.779e+02
7.781e+02
7.784e+02
7.786e+02
7.788e+02
7.790e+02
7.792e+02
7.794e+02
7.797e+02
7.799e+02
7.801e+02
7.803e+02
7.805e+02
7.807e+02
7.810e+02
7.812e+02
7.814e+02
7.816e+02
7.818e+02
7.820e+02
7.823e+02
7.825e+02
7.827e+02
7.829e+02
7.831e+02
7.833e+02
7.835e+02
7.838e+02
7.840e+02
7.842e+02
7.844e+02
7.846e+02
7.848e+02
7.851e+02
7.853e+02
7.855e+02
7.857e+02
7.859e+02
7.861e+02
7.863e+02
7.866e+02
7.868e+02
7.870e+02
7.872e+02
7.874e+02
7.876e+02
7.878e+02
7.881e+02
7.883e+02
7.885e+02
7.887e+02
7.889e+02
7.891e+02
7.894e+02
7.896e+02
7.898e+02
7.900e+02
7.902e+02
7.904e+02
7.906e+02
7.908e+02
7.911e+02
7.913e+02
7.915e+02
7.917e+02
7.919e+02
7.921e+02
7.923e+02
7.926e+02
7.928e+02
7.930e+02
7.932e+02
7.934e+02
7.936e+02
7.938e+02
7.941e+02
7.943e+02
7.945e+02
7.947e+02
7.949e+02
7.951e+02
7.953e+02
7.955e+02
7.958e+02
7.960e+02
7.962e+02
7.964e+02
7.966e+02
7.968e+02
7.970e+02
7.972e+02
7.975e+02
7.977e+02
7.979e+02
7.981e+02
7.983e+02
7.985e+02
7.987e+02
7.989e+02
7.992e+02
7.994e+02
7.996e+02
7.998e+02
8.000e+02
8.002e+02
8.004e+02
8.006e+02
8.009e+02
8.011e+02
8.013e+02
8.015e+02
8.017e+02
8.019e+02
8.021e+02
8.023e+02
8.026e+02
8.028e+02
8.030e+02
8.032e+02
8.034e+02
8.036e+02
8.038e+02
8.040e+02
8.042e+02
8.045e+02
8.047e+02
8.049e+02
8.051e+02
8.053e+02
8.055e+02
8.057e+02
8.059e+02
8.061e+02
8.063e+02
8.066e+02
8.068e+02
8.070e+02
8.072e+02
8.074e+02
8.076e+02
8.078e+02
8.080e+02
8.082e+02
8.085e+02
8.087e+02
8.089e+02
8.091e+02
8.093e+02
8.095e+02
8.097e+02
8.099e+02
8.101e+02
8.103e+02
8.106e+02
8.108e+02
8.110e+02
8.112e+02
8.114e+02
8.116e+02
8.118e+02
8.120e+02
8.122e+02
8.124e+02
8.126e+02
8.129e+02
8.131e+02
8.133e+02
8.135e+02
8.137e+02
8.139e+02
8.141e+02
8.143e+02
8.145e+02
8.147e+02
8.149e+02
8.151e+02
8.154e+02
8.156e+02
8.158e+02
8.160e+02
8.162e+02
8.164e+02
8.166e+02
8.168e+02
8.170e+02
8.172e+02
8.174e+02
8.176e+02
8.179e+02
8.181e+02
8.183e+02
8.185e+02
8.187e+02
8.189e+02
8.191e+02
8.193e+02
8.195e+02
8.197e+02
8.199e+02
8.201e+02
8.203e+02
8.206e+02
8.208e+02
8.210e+02
8.212e+02
8.214e+02
8.216e+02
8.218e+02
8.220e+02
8.222e+02
8.224e+02
8.226e+02
8.228e+02
8.230e+02
8.232e+02
8.234e+02
8.237e+02
8.239e+02
8.241e+02
8.243e+02
8.245e+02
8.247e+02
8.249e+02
8.251e+02
8.253e+02
8.255e+02
8.257e+02
8.259e+02
8.261e+02
8.263e+02
8.265e+02
8.267e+02
8.269e+02
8.272e+02
8.274e+02
8.276e+02
8.278e+02
8.280e+02
8.282e+02
8.284e+02
8.286e+02
8.288e+02
8.290e+02
8.292e+02
8.294e+02
8.296e+02
8.298e+02
8.300e+02
8.302e+02
8.304e+02
8.306e+02
8.308e+02
8.310e+02
8.313e+02
8.315e+02
8.317e+02
8.319e+02
8.321e+02
8.323e+02
8.325e+02
8.327e+02
8.329e+02
8.331e+02
8.333e+02
8.335e+02
8.337e+02
8.339e+02
8.341e+02
8.343e+02
8.345e+02
8.347e+02
8.349e+02
8.351e+02
8.353e+02
8.355e+02
8.357e+02
8.359e+02
8.361e+02
8.363e+02
8.365e+02
8.368e+02
8.370e+02
8.372e+02
8.374e+02
